0.00177148  -0.0017173  0.00141132  0.037272  -0.143543  -0.622189  
0.00182738  -0.0017882  0.0012447  0.0372645  -0.116502  -0.622004  
0.00202079  -0.0017882  0.00141576  0.0372382  -0.16001  -0.614051  
0.00167815  -0.0017882  0.0012447  0.0372645  -0.141893  -0.622049  
0.00175732  -0.0017882  0.0012447  0.0372645  -0.138445  -0.622044  
0.00212179  -0.0017882  0.00159385  0.0372329  -0.149755  -0.622014  
0.00184163  -0.0017882  0.0012447  0.0278428  -0.106682  -0.643055  
0.00202325  -0.00166128  0.0012447  0.0247955  -0.136214  -0.637541  
0.00188465  -0.0017882  0.0012447  0.0184109  -0.121235  -0.63092  
0.00187883  -0.0017882  0.0012447  0.0205595  -0.12407  -0.622988  
0.00223794  -0.0017882  0.0012447  0.0209441  -0.134756  -0.61816  
0.00130473  -0.00165606  0.0012447  0.0200515  -0.114993  -0.6348  
0.00157493  -0.0017882  0.0012447  0.0280879  -0.130236  -0.627558  
0.00188886  -0.00187008  0.0012447  0.0244032  -0.146659  -0.600031  
0.00146175  -0.0017882  0.0012447  0.0240078  -0.130144  -0.614208  
0.00171036  -0.0017882  0.0012447  0.0247046  -0.149471  -0.600922  
0.00117306  -0.0017882  0.00146656  0.0291047  -0.127191  -0.6371  
0.000983  -0.00170955  0.0012447  0.029432  -0.132731  -0.622594  
0.00117306  -0.0017882  0.0012447  0.022668  -0.140238  -0.640651  
0.0011383  -0.00197385  0.0012447  0.0247722  -0.101105  -0.636657  
0.00145727  -0.00208097  0.0012447  0.0237886  -0.13018  -0.63331  
0.00197196  -0.00227893  0.0012447  0.0209188  -0.110595  -0.63072  
0.00184315  -0.00191374  0.0012447  0.0246294  -0.0868279  -0.612062  
0.00199063  -0.00176283  0.00117139  0.0204076  -0.130498  -0.612058  
0.00113677  -0.00168415  0.0012447  0.020826  -0.100545  -0.620577  
0.00140845  -0.00142753  0.0012447  0.0197706  -0.130564  -0.605638  
0.00126783  -0.00159537  0.0012447  0.0196815  -0.13154  -0.61212  
0.00127724  -0.00152313  0.0012447  0.0197194  -0.101665  -0.612125  
0.00111327  -0.00137639  0.00119292  0.0198089  -0.128385  -0.612133  
0.00101745  -0.00152313  0.00114249  0.019724  -0.114278  -0.625726  
0.00159279  -0.00160115  0.00114205  0.0169839  -0.12864  -0.612953  
0.00113439  -0.00142811  0.0012447  0.0117765  -0.111749  -0.61684  
0.0010146  -0.00152313  0.0012447  0.0197194  -0.117952  -0.619378  
0.000996361  -0.00144712  0.0012447  0.0197642  -0.121226  -0.600294  
0.000792233  -0.00152313  0.00109058  0.0131522  -0.100582  -0.602292  
0.00112337  -0.00120158  0.00117745  0.0148128  -0.104417  -0.607828  
0.00134606  -0.00152313  0.0012447  0.0197194  -0.128454  -0.59365  
0.000561137  -0.00152313  0.000964424  0.0197339  -0.110299  -0.610488  
0.000693904  -0.00152313  0.00112979  0.0197247  -0.103467  -0.593985  
0.000901531  -0.00144631  0.00108726  0.0133658  -0.128198  -0.587543  
0.000997045  -0.00152313  0.00104785  0.0111299  -0.117955  -0.600914  
0.000624761  -0.00152313  0.00106632  0.0197276  -0.106137  -0.594256  
0.000788257  -0.00152313  0.000828541  0.0114683  -0.117614  -0.597107  
0.000788257  -0.00152313  0.0012447  0.0130547  -0.0868512  -0.604847  
0.00126971  -0.00152313  0.0012447  0.0100735  -0.113892  -0.578295  
0.000761374  -0.00152313  0.0011443  0.0151488  -0.0667434  -0.604752  
0.000730648  -0.00146408  0.0012447  0.0197531  -0.0789333  -0.584054  
0.000499053  -0.00152313  0.0012447  0.0197194  -0.113243  -0.574222  
0.000453698  -0.00186422  0.0012447  0.0182939  -0.0718064  -0.578093  
0.000634119  -0.00152313  0.0012447  0.0188254  -0.0957188  -0.543737  
0.000197621  -0.00152313  0.00114503  0.0119577  -0.0954954  -0.557903  
-0.00011096  -0.00132205  0.0012447  0.0120542  -0.0797515  -0.55873  
0.000324662  -0.0013681  0.000994703  0.0120458  -0.111597  -0.572832  
1.06259e-05  -0.00178032  0.0012447  0.0199473  -0.115234  -0.583182  
-0.000204927  -0.00157875  0.0012447  0.0246839  -0.0891279  -0.570323  
0.000127401  -0.00178559  0.0012447  0.0272283  -0.0980474  -0.556726  
0.000549458  -0.00178559  0.0012447  0.031423  -0.0804796  -0.591002  
0.000451165  -0.00194987  0.00150033  0.0313401  -0.0918878  -0.565654  
0.00129598  -0.0021983  0.00139343  0.0312217  -0.116915  -0.545111  
0.000875071  -0.00218795  0.0012447  0.0311909  -0.104483  -0.664165  
0.000222407  -0.00178559  0.0012447  0.0254452  -0.110165  -0.512938  
-0.000360689  -0.0020111  0.00129557  0.0231505  -0.0563421  -0.505076  
-0.000347433  -0.00178559  0.0012447  0.0211366  -0.0860545  -0.482409  
-6.88308e-05  -0.00195794  0.0012447  0.0189925  -0.0936989  -0.485661  
-0.00121151  -0.00178559  0.0012447  0.022537  -0.0543009  -0.500156  
-0.000416407  -0.00178559  0.00118959  0.0314249  -0.0832389  -0.480512  
-0.00036861  -0.00203084  0.0012447  0.0246479  -0.0840551  -0.48838  
-0.000357901  -0.00184705  0.0012447  0.0313967  -0.060857  -0.480728  
-0.00022822  -0.00165619  0.00119373  0.0314778  -0.0677782  -0.46733  
-0.000323836  -0.00145111  0.0012447  0.0215044  -0.0783856  -0.467344  
-0.000187067  -0.00161585  0.0012447  0.0315307  -0.0450981  -0.467359  
-0.00029914  -0.00181106  0.0012447  0.0314567  -0.0795227  -0.437535  
-1.16146e-05  -0.00181951  0.0012447  0.0212935  -0.0747182  -0.452512  
-0.000723536  -0.00155208  0.00114785  0.0315504  -0.0536675  -0.464725  
-0.000657453  -0.00139318  0.00115891  0.0094536  -0.0779963  -0.447138  
-0.00032361  -0.00139318  0.0012447  0.0067117  -0.0657566  -0.432432  
-0.000315434  -0.00139318  0.0012447  0.0067117  -0.0515656  -0.411825  
3.28125e-05  -0.00139318  0.00118836  -0.00295645  -0.0722396  -0.394574  
-0.00044511  -0.00139318  0.0012447  0.0067117  -0.0329282  -0.402494  
3.62652e-05  -0.00139318  0.00105443  0.00372127  -0.0654709  -0.383749  
-0.00016162  -0.00139318  0.0012447  0.0067117  -0.0708552  -0.370636  
-0.000231824  -0.00124112  0.00101583  0.00675538  -0.033404  -0.370996  
-0.000393225  -0.00113853  0.000790576  -0.00137312  -0.0488701  -0.357605  
-2.47768e-05  -0.00113853  0.000981298  -0.00490778  -0.0571961  -0.357599  
-0.000367377  -0.00113853  0.000827532  -0.0153217  -0.0365723  -0.372391  
-0.000518944  -0.00113853  0.000827532  -0.00685333  -0.039193  -0.345037  
-0.000434142  -0.00113853  0.000827532  -0.00771949  -0.0570705  -0.353316  
-0.000643844  -0.00113853  0.000827532  -0.00799297  -0.0377908  -0.357612  
-0.000340304  -0.00113853  0.000827532  -0.0156197  -0.0479403  -0.345706  
-0.000248455  -0.000665499  0.000827532  -0.0154583  -0.0638619  -0.357625  
-0.000373623  -0.000834935  0.000827532  -0.015529  -0.0197034  -0.357604  
0.000373909  -0.000786845  0.000827532  -0.0252169  -0.0440431  -0.353013  
0.000110066  -0.000649951  0.000399437  -0.0453827  -0.0422392  -0.340471  
0.000407728  -0.000649951  0.000454258  -0.0540144  -0.01231  -0.323872  
6.21302e-06  -0.000498053  0.000343943  -0.0539726  -0.0567087  -0.307  
-0.000398335  -0.000166739  0.000399437  -0.0538719  -0.0253088  -0.32385  
-0.000574567  -0.000322918  0.000399437  -0.0477355  -0.0231266  -0.314955  
0.000120184  -0.000563233  0.000399437  -0.045325  -0.0423119  -0.303832  
9.29954e-05  -0.000473077  0.000399437  -0.0539571  -0.0113625  -0.323809  
-0.000260808  -0.000190036  0.000399437  -0.0424051  -0.0141493  -0.323774  
-5.64666e-05  -0.000479502  0.000477  -0.0450612  -0.0365749  -0.323741  
-0.000672199  -0.000481578  0.000454744  -0.0429758  -0.0237058  -0.323728  
-0.000447915  -0.000502459  0.000399437  -0.0486853  -0.0256971  -0.323735  
0.000297576  -0.000817261  0.000343446  -0.0540702  -0.0366723  -0.321124  
-8.24642e-05  -0.000581518  0.000399437  -0.0539954  0.0173146  -0.311956  
-0.000100453  -0.000502459  0.000399437  -0.0448783  -0.02748  -0.295374  
-0.000288934  -0.000502459  0.000399437  -0.0446572  -0.0224172  -0.306358  
-0.000251504  -0.000564906  0.000551535  -0.0352553  -0.0173588  -0.306347  
9.12276e-05  -0.000673957  0.000611456  -0.0315084  -0.0355886  -0.316762  
-0.000413336  -0.000762642  0.000536077  -0.0291431  0.0131504  -0.312252  
0.00030407  -0.00103355  0.000399437  -0.0225959  -0.0182167  -0.306289  
-0.000218091  -0.000934323  0.000399437  -0.0225687  -0.0195464  -0.297271  
-0.000602731  -0.000601825  0.000399437  -0.0225012  -0.00241351  -0.271845  
0.000461707  -0.000580219  0.000564359  -0.0224857  -0.0261648  -0.271849  
0.000260709  -0.00101398  0.000844889  -0.0225652  0.0124517  -0.288024  
7.59533e-05  -0.000978971  0.000908019  -0.0260176  -0.0182955  -0.280602  
-4.20951e-05  -0.000526969  0.000741516  -0.0169103  -0.00499007  -0.320899  
-0.000570095  -0.000118884  0.000493795  -0.0223461  -0.0310363  -0.292839  
-1.99949e-05  -0.000467991  0.000399437  -0.0193931  -0.0312306  -0.291319  
-9.75854e-05  -0.000490236  0.000582689  -0.0191927  0.0143092  -0.28865  
0.000214953  -0.000543183  0.000535611  -0.0224406  -0.0223046  -0.275548  
0.000446143  -0.000543183  0.000712982  -0.0224411  -0.0198333  -0.295064  
-4.19483e-05  -0.000307127  0.000745026  -0.0195873  0.0036792  -0.280134  
0.000492383  -0.000369942  0.000707171  -0.0153056  -0.0174476  -0.265487  
-8.36707e-05  -1.98878e-06  0.000761387  -0.014905  -0.0142382  -0.272379  
-0.000293602  7.49558e-05  0.000605633  -0.00450421  0.00365663  -0.265448  
-0.000126263  7.49557e-05  0.000658592  -0.00489665  -0.045762  -0.26539  
-0.000195887  -0.0003366  0.000654167  -0.0126206  -0.029594  -0.265366  
-8.99896e-05  -0.000367485  0.000589602  -0.00409957  -0.04301  -0.225228  
-0.000102867  -0.000288114  0.000569357  -0.00582329  -0.0420737  -0.237402  
-9.75576e-05  -5.85321e-05  0.000399437  -0.00219468  -0.018948  -0.239768  
0.000453919  -0.000317723  0.000399437  -0.000902287  -0.0325157  -0.232685  
-5.42942e-05  -0.000129282  0.000399437  0.00224025  -0.0432764  -0.213575  
-0.000124235  -0.000129282  0.000347839  0.00223803  -0.0113876  -0.188233  
0.000381827  -0.000129282  0.000399437  -0.0165967  -0.0437765  -0.165867  
0.000446986  -0.000301732  0.000399437  -0.0129528  -0.00874769  -0.170981  
-0.000405946  -0.000129282  7.53661e-05  -0.0166046  -0.0365262  -0.122856  
-0.000166532  -7.22808e-05  -1.34506e-05  -0.0249374  -0.0616096  -0.111617  
-8.92933e-05  -5.11093e-05  -1.34506e-05  -0.0193009  -0.0292267  -0.0749822  
0.000129186  0.00024433  -1.34506e-05  -0.0165881  -0.0406904  -0.0394339  
0.00073888  -0.000112307  -1.34506e-05  -0.0166045  -0.0407123  -0.0748226  
-0.000263546  0.000299589  9.23473e-05  -0.0165847  -0.0336298  -0.0317366  
8.80481e-05  -0.000129851  -1.34506e-05  -0.0165948  -0.0649435  -0.031702  
0.000532723  0.000175334  -1.34506e-05  -0.0165843  -0.0176195  -0.0316911  
0.000145938  0.000583491  -1.34506e-05  -0.016574  -0.0269818  -0.0107683  
0.000263284  0.000152921  -1.34506e-05  -0.016576  -0.0338272  -0.0306831  
0.000845486  2.56272e-05  -1.34506e-05  -0.0165776  -0.00211893  -0.00138894  
0.000522119  2.56272e-05  6.47082e-05  -0.0165794  -0.0385327  -0.0013301  
0.000943428  0.000111159  -9.5536e-05  -0.016572  -0.0222458  -0.037581  
-3.79818e-05  2.56272e-05  -1.34506e-05  -0.0011181  -0.00231223  0.00110974  
3.86462e-05  2.56272e-05  -1.34506e-05  -0.00745799  -0.0537478  -0.0315954  
-0.000254478  2.56272e-05  0.000123578  -0.00034904  0.00665766  -0.0554917  
0.000303177  0.000424887  -1.34506e-05  0.00701035  -0.0144696  -0.00810188  
0.000805877  0.000109019  -1.34506e-05  0.00143647  -0.0164838  -0.00598588  
0.00024856  0.000398031  -1.34506e-05  0.00141862  0.00305004  0.0308182  
0.000671465  0.000559178  -1.34506e-05  0.00140681  -0.0144793  0.0147876  
0.00100055  0.00042966  -1.34506e-05  0.00141028  0.0203038  -0.00268231  
0.00075055  0.000559178  -1.34506e-05  -0.00828814  -0.0257177  -0.0118774  
-0.000113878  0.000713157  -1.34506e-05  -0.0179692  0.0058245  -0.0756994  
0.000382586  0.00071941  -1.34506e-05  -0.0179564  0.00357609  -0.0305832  
0.000659027  0.000878132  -0.000279282  -0.0267641  -0.00403089  -0.0269595  
0.00131383  0.000761981  -0.000421487  -0.0309941  0.00302807  -0.0322906  
0.000997287  0.00102472  -0.000421487  -0.0563292  -0.017586  -0.0514716  
0.00084609  0.000973473  -0.000861155  -0.0621552  -0.0175756  -0.095169  
0.000669852  0.000761981  -0.000861155  -0.0621715  0.00742738  -0.0928084  
0.00117012  0.000837601  -0.00063989  -0.0727044  -0.0282211  -0.0779625  
0.00117998  0.000761981  -0.000675025  -0.0815707  0.00217668  -0.0723676  
0.00169828  0.000761981  -0.000614396  -0.078405  -0.028232  -0.0774675  
0.00104133  0.000761982  -0.000564312  -0.0683916  0.0123276  -0.124104  
0.000940213  0.000761982  -0.000540508  -0.0537433  -0.0056967  -0.110994  
0.00219763  0.000344144  -0.000603897  -0.0540828  -0.0115878  -0.117297  
0.00140459  0.000822696  -0.000831516  -0.0621969  0.0339706  -0.0854593  
0.00115493  0.000990852  -0.000831516  -0.0621847  -0.0273232  -0.0854093  
0.00153799  0.000828887  -0.000831516  -0.0621938  -0.0273818  -0.0964953  
0.00138665  0.000581321  -0.000831516  -0.062197  0.0152428  -0.0757737  
0.00133776  0.000990852  -0.000831516  -0.0621847  -0.00256798  -0.0607453  
0.00162257  0.000990852  -0.000831516  -0.0621847  -0.010238  -0.0639425  
0.00139838  0.000990852  -0.000831516  -0.0621847  -0.000437363  -0.0552442  
0.00228423  0.000855345  -0.000831516  -0.0621795  -0.00843037  -0.0363534  
0.00183248  0.000916244  -0.000945522  -0.0621889  -0.00841381  -0.0363261  
0.000917389  0.00148157  -0.000831516  -0.05222  -0.00838425  -0.0451154  
0.00138579  0.00114107  -0.000831516  -0.0462579  -0.0334509  -0.0450737  
0.00143875  0.00106788  -0.00108848  -0.0549457  -0.035938  -0.045064  
0.00142434  0.00100801  -0.00101207  -0.0514958  -0.00483884  -0.0450813  
0.00129204  0.0013586  -0.00106606  -0.0343361  -0.0294827  -0.0674012  
0.00135711  0.00117822  -0.00101298  -0.0395705  -0.00487964  -0.0459215  
0.00184749  0.00136247  -0.000929722  -0.0460606  -0.0248287  -0.027378  
0.00167943  0.00156453  -0.00110853  -0.0621656  -0.00927497  -0.0344623  
0.00149893  0.0016278  -0.0011081  -0.0530985  -0.00119687  -0.0212164  
0.00194618  0.00156453  -0.00115081  -0.0509444  -0.0373636  -0.0323565  
0.00173452  0.00162282  -0.00127911  -0.047339  0.00512278  -0.0142573  
0.00207861  0.00156453  -0.00127911  -0.0532925  -0.0505773  -0.110571  
0.00198376  0.00156453  -0.00100536  -0.0545771  0.0358207  -0.130212  
0.00166349  0.00143738  -0.000980409  -0.0469029  -0.0156929  -0.109427  
0.0017805  0.00122426  -0.000890108  -0.0448284  0.00366729  -0.127315  
0.00209833  0.00145813  -0.000888528  -0.0160388  0.0242648  -0.137526  
0.00209185  0.00156453  -0.00091714  -0.0191763  0.00168334  -0.119463  
0.00199629  0.00166528  -0.000757669  -0.0330472  0.00447047  -0.118204  
0.00181663  0.00224114  -0.00114022  -0.0260718  0.000935188  -0.0955104  
0.00291913  0.00183343  -0.00127911  -0.0452062  -0.037519  -0.118438  
0.00150561  0.00224114  -0.00127911  -0.052775  -0.0146687  -0.134951  
0.00219519  0.00224114  -0.00127911  -0.0447203  -0.0212771  -0.173936  
0.00234905  0.00184048  -0.00127911  -0.0330127  -0.0212973  -0.181106  
0.00218749  0.00224114  -0.00127911  -0.0238731  0.011762  -0.180272  
0.00282446  0.00180731  -0.00127911  -0.0330205  -0.0196091  -0.18761  
0.00192406  0.00224114  -0.00115451  -0.0231199  0.0294818  -0.199528  
0.00208621  0.00224114  -0.00127911  -0.024009  -0.0160131  -0.210144  
0.00228026  0.00224114  -0.00115466  -0.00965081  0.00429939  -0.194681  
0.00223572  0.00250653  -0.00127911  -0.00962502  -0.000453497  -0.171498  
0.00260689  0.00224114  -0.00115884  -0.00965399  -0.024917  -0.193021  
0.00224513  0.00256077  -0.00127911  -0.0191911  0.0291451  -0.210825  
0.00282581  0.00245554  -0.00127911  -0.0203659  -0.0140615  -0.21058  
0.0020897  0.0026515  -0.00120465  -0.0208341  0.00811614  -0.192972  
0.00238845  0.00250506  -0.00127911  -0.0143829  -0.0127248  -0.192989  
0.00295613  0.00254048  -0.00106431  -0.0103018  -0.00575813  -0.212149  
0.00257971  0.0026515  -0.00127911  -0.00389234  0.0203618  -0.205153  
0.0023132  0.0026515  -0.00127911  0.00109688  -0.0219313  -0.192987  
0.00257973  0.00303695  -0.00127911  0.00534309  -0.0100769  -0.19298  
0.00271436  0.00327758  -0.00127911  0.00388474  0.00869519  -0.195253  
0.00275152  0.00327758  -0.00127911  0.0116878  -0.0275555  -0.209546  
0.00250109  0.00351136  -0.00145679  0.014998  -0.00983653  -0.199549  
0.00255176  0.0035315  -0.00153095  0.0231432  0.00220301  -0.204187  
0.00275676  0.00350627  -0.0013113  0.0182778  -0.00038235  -0.217781  
0.00275232  0.00339514  -0.00134983  0.0324579  0.0406084  -0.224018  
0.00258547  0.00350627  -0.00148006  0.026394  -0.0236242  -0.204727  
0.00242133  0.00350627  -0.00148006  0.0186816  0.0148393  -0.217747  
0.00209268  0.00377527  -0.00138446  0.032564  -0.0023603  -0.217717  
0.00286966  0.0036244  -0.00148006  0.0325163  -0.0125971  -0.228991  
0.00274062  0.00377116  -0.00148006  0.0325443  -0.0072552  -0.217786  
0.00290724  0.00405337  -0.00162835  0.0325831  0.0252156  -0.217803  
0.00277907  0.00405337  -0.0015001  0.0398247  -0.0206948  -0.217785  
0.00228075  0.00405336  -0.00164197  0.0421457  0.01345  -0.217711  
0.00271022  0.00405336  -0.00171257  0.0450224  -0.00988261  -0.196026  
0.00269759  0.00418199  -0.00171257  0.0312302  -0.00360089  -0.217747  
0.00296589  0.00445562  -0.0018373  0.0299432  0.00853066  -0.210277  
0.00286452  0.00429412  -0.0017782  0.0367485  -0.0200501  -0.220133  
0.00252972  0.0045018  -0.00171257  0.0367983  0.00628468  -0.211933  
0.00298735  0.0045018  -0.00191689  0.0367724  -0.0152471  -0.199628  
0.00267459  0.0045018  -0.00171257  0.0481546  -0.00377471  -0.223079  
0.00292926  0.0045018  -0.00171257  0.0646359  0.00707662  -0.205495  
0.00334574  0.00427391  -0.00171257  0.0528191  -0.01303  -0.207499  
0.00346344  0.0045018  -0.00171257  0.0503217  0.0172653  -0.213284  
0.00325671  0.0045018  -0.00189187  0.0646219  -0.00723977  -0.21541  
0.00384998  0.0045018  -0.0019711  0.0646382  -0.0351151  -0.217445  
0.00356179  0.0045018  -0.00195888  0.0646098  0.0408575  -0.223194  
0.00249146  0.0045018  -0.00216834  0.053495  -0.0125723  -0.212185  
0.00286212  0.00486213  -0.00216834  0.0550344  -0.0110763  -0.205838  
0.00337651  0.00505658  -0.00216834  0.0646818  0.00449965  -0.218111  
0.00350857  0.0049925  -0.0023407  0.0646582  -0.012857  -0.210953  
0.00251857  0.005352  -0.00240272  0.0833166  0.0056257  -0.227563  
0.00355691  0.0049925  -0.00235478  0.06467  -0.0365714  -0.229632  
0.00298553  0.00576836  -0.00264574  0.0801337  0.0230053  -0.243451  
0.00334165  0.0053487  -0.00242831  0.0725365  -0.0173581  -0.245602  
0.00414478  0.00472786  -0.00247316  0.0763621  -0.00103404  -0.280337  
0.00299543  0.00518381  -0.00264574  0.0934087  0.0137851  -0.264172  
0.00338883  0.0052138  -0.00264574  0.0934204  -0.0125684  -0.247304  
0.00338812  0.00522029  -0.00250811  0.0934403  0.000104171  -0.268214  
0.00319242  0.0053487  -0.00264574  0.0934488  0.00394553  -0.247263  
0.00354775  0.00540158  -0.00264574  0.086335  -0.0246199  -0.276214  
0.00305446  0.0055548  -0.00271364  0.0935084  0.00398232  -0.263483  
0.00352901  0.00569596  -0.00273279  0.0844893  -0.0433845  -0.243044  
0.00354908  0.00590576  -0.00264574  0.0866829  -0.00449236  -0.251174  
0.00312518  0.00573547  -0.00264574  0.0935437  -0.011631  -0.248488  
0.00305734  0.00556923  -0.00264574  0.0934976  -0.0238561  -0.265356  
0.00283797  0.00590576  -0.00264574  0.0935778  -0.00387619  -0.262662  
0.00291529  0.00531623  -0.00264574  0.0934494  -0.0216982  -0.243078  
0.00336827  0.00548652  -0.00264574  0.0934865  -0.0128329  -0.243075  
0.00284096  0.00548652  -0.00264574  0.0991596  0.00197753  -0.22399  
0.00312217  0.00574333  -0.00264574  0.0935262  -0.0233963  -0.209468  
0.00284084  0.0062556  -0.00275959  0.0987491  0.01418  -0.215352  
0.002992  0.00625559  -0.00275082  0.109064  -0.00235459  -0.209301  
0.00290603  0.00610331  -0.00279889  0.110036  0.00339271  -0.226332  
0.00269257  0.00572564  -0.00279829  0.118916  0.0137809  -0.2015  
0.00357447  0.00622107  -0.00264574  0.114769  -0.00547831  -0.212916  
0.00269257  0.00608764  -0.00308258  0.130691  0.0251312  -0.231572  
0.00405741  0.00607448  -0.0029713  0.120455  -0.00800109  -0.234736  
0.00299076  0.00605194  -0.00287009  0.119847  -0.00444043  -0.224472  
0.00349625  0.0059853  -0.00276038  0.123939  -0.0132997  -0.20174  
0.00428721  0.0058526  -0.00282006  0.125252  0.00270328  -0.239467  
0.00347454  0.00614089  -0.00286783  0.134814  0.015791  -0.231144  
0.00372923  0.00629075  -0.00264574  0.140065  -0.0165865  -0.268445  
0.00343286  0.00584232  -0.00264574  0.12855  0.0311447  -0.274052  
0.00381693  0.00539732  -0.00296307  0.139818  0.033787  -0.242698  
0.00455425  0.00587363  -0.0030634  0.129198  0.00221951  -0.267105  
0.00346527  0.00600025  -0.0030634  0.139946  0.0236938  -0.255805  
0.00362004  0.00586629  -0.0030634  0.148932  -0.00379856  -0.260489  
0.0036394  0.00615648  -0.00286004  0.134825  0.0123511  -0.252456  
0.00371212  0.00611868  -0.0030634  0.139959  0.027547  -0.240463  
0.00382668  0.00593407  -0.0030634  0.133678  -0.00849033  -0.240502  
0.00405757  0.00593407  -0.0030634  0.139925  0.0222741  -0.272936  
0.00410567  0.00610112  -0.0030634  0.139955  0.023248  -0.252951  
0.00445029  0.00593407  -0.0030634  0.119475  -0.0198393  -0.262432  
0.00341385  0.00593407  -0.0030634  0.13579  0.0261983  -0.25494  
0.00364224  0.00578025  -0.0030634  0.129221  -0.00368923  -0.252899  
0.00372649  0.00590271  -0.0030634  0.132894  0.0147773  -0.276235  
0.0047093  0.00536835  -0.00296733  0.13982  0.0145915  -0.258376  
0.00433988  0.00602788  -0.00299815  0.139984  -0.00311455  -0.275483  
0.00330616  0.0061729  -0.00310175  0.151921  -0.000385582  -0.273574  
