0.00277462  0.00169326  -0.00167906  -0.107228  -0.148187  -0.104994  
0.0029202  0.00189975  -0.00152844  -0.0948416  -0.0906836  -0.0975758  
0.00313494  0.00162976  -0.00141626  -0.11505  -0.158197  -0.11809  
0.00321984  0.00139365  -0.00153888  -0.128888  -0.114874  -0.170766  
0.00286733  0.00151134  -0.00160068  -0.134927  -0.142594  -0.105773  
0.00272091  0.00205067  -0.00141626  -0.120093  -0.100347  -0.107057  
0.00229465  0.00218065  -0.00141626  -0.130119  -0.120831  -0.108823  
0.00271137  0.00169855  -0.00146823  -0.142554  -0.119826  -0.136597  
0.00160353  0.00133677  -0.00141626  -0.142225  -0.113811  -0.136678  
0.00264309  0.001211  -0.00183968  -0.161462  -0.146965  -0.136451  
0.00200777  0.00113747  -0.001557  -0.139264  -0.0871125  -0.136439  
0.00230486  0.000980125  -0.00162905  -0.15472  -0.120975  -0.136364  
0.00231028  0.000979675  -0.00141626  -0.151541  -0.0966797  -0.153672  
0.00183541  0.000625991  -0.001338  -0.133026  -0.0879777  -0.101714  
0.00260168  0.000602811  -0.00131782  -0.130187  -0.0936507  -0.123118  
0.00170135  0.000854095  -0.00141626  -0.140504  -0.104237  -0.129352  
0.00135029  0.00102745  -0.00129508  -0.141222  -0.0821666  -0.152529  
0.00155435  0.000553342  -0.00141626  -0.144451  -0.104213  -0.152416  
0.00122486  0.000673773  -0.00130464  -0.141948  -0.0776415  -0.138434  
0.00222115  0.000423143  -0.00141626  -0.150794  -0.106501  -0.116969  
0.00138871  0.000624377  -0.00141626  -0.143128  -0.0740335  -0.123665  
0.0019118  0.000765379  -0.00136292  -0.16102  -0.124044  -0.132035  
0.00131916  0.000872978  -0.00141626  -0.158553  -0.0799934  -0.167193  
0.00184198  0.000510931  -0.00136053  -0.158594  -0.0969742  -0.175852  
0.00169929  0.000565695  -0.00160435  -0.16941  -0.106741  -0.175827  
0.00157635  0.000593145  -0.00141626  -0.150901  -0.0687362  -0.157807  
0.0018081  0.000358856  -0.00146705  -0.150899  -0.0983892  -0.143225  
0.00138554  0.000524096  -0.00141626  -0.148754  -0.0841438  -0.125891  
0.00138554  0.000358856  -0.00141626  -0.145916  -0.0680284  -0.147845  
0.00137072  0.000434456  -0.00141626  -0.146343  -0.109314  -0.138404  
0.00145125  0.000358856  -0.00141626  -0.146766  -0.108644  -0.147788  
0.00133398  0.000358856  -0.00141626  -0.14135  -0.0780868  -0.163939  
0.00102307  0.000358856  -0.00141626  -0.139486  -0.110634  -0.153419  
0.00076749  0.000274305  -0.00141626  -0.128661  -0.0984635  -0.155843  
0.00206511  7.61738e-05  -0.00141626  -0.128694  -0.0777814  -0.163804  
0.00178259  0.00013589  -0.00141626  -0.128703  -0.105364  -0.134794  
0.000933859  0.000706482  -0.00141626  -0.128611  -0.0759543  -0.136384  
0.00100126  0.000540816  -0.00121449  -0.12605  -0.0967711  -0.138104  
0.00075513  0.000556404  -0.00128401  -0.128649  -0.100221  -0.13812  
0.00150966  0.000629122  -0.00125311  -0.126615  -0.0934151  -0.115763  
0.00190934  0.000985749  -0.00141626  -0.107704  -0.0450801  -0.118031  
0.0012647  0.00122545  -0.00122603  -0.104965  -0.0793041  -0.0885325  
0.00123509  0.00124977  -0.00124019  -0.111469  -0.0699707  -0.0885439  
0.0011591  0.00141927  -0.00121876  -0.110614  -0.0576835  -0.0885676  
0.00229125  0.00108574  -0.00116219  -0.11133  -0.0869777  -0.0678619  
0.000886117  0.0013551  -0.00120126  -0.107499  -0.0460055  -0.111247  
0.00121218  0.00109974  -0.0012031  -0.120214  -0.112747  -0.0934734  
0.00124953  0.00087809  -0.00141626  -0.128615  -0.0808971  -0.10115  
0.0013283  0.00154972  -0.00141626  -0.11196  -0.0363187  -0.0733304  
0.00110563  0.00142657  -0.00141626  -0.104523  -0.0609343  -0.0406724  
0.00129814  0.000967368  -0.00128834  -0.103875  -0.0761218  -0.0233661  
0.000697019  0.000967368  -0.00141626  -0.0965905  -0.0460656  -0.0388394  
0.000896291  0.00140101  -0.00141626  -0.0974071  -0.048791  -0.0476133  
0.00139694  0.000967368  -0.00141626  -0.0920655  -0.0548701  -0.0653499  
0.000523086  0.00111583  -0.00141626  -0.0888519  -0.0559038  -0.0381028  
0.00154088  0.000943888  -0.00117982  -0.102427  -0.058229  -0.0545931  
0.00266055  0.000898983  -0.00112641  -0.104397  -0.0445935  -0.0685169  
0.000916963  0.00127383  -0.00102916  -0.103081  -0.0262303  -0.0685414  
0.00122525  0.00100634  -0.00107355  -0.108252  -0.0597002  -0.068515  
0.000977926  0.00117695  -0.00119589  -0.115454  -0.0589791  -0.0914799  
0.00130946  0.001113  -0.00107355  -0.102317  -0.0427309  -0.0872738  
0.000998509  0.000714028  -0.00107355  -0.107271  -0.0647613  -0.0563851  
0.0014138  0.00123376  -0.00107355  -0.101272  -0.0229233  -0.068037  
0.00114699  0.00151817  -0.00123067  -0.108017  -0.0524773  -0.0600538  
0.000958945  0.00103333  -0.00107355  -0.108862  -0.0738046  -0.0781087  
0.00103528  0.00103333  -0.00107355  -0.111266  -0.0531252  -0.100612  
0.000912543  0.00103333  -0.00107355  -0.104263  -0.0416288  -0.107426  
0.00176425  0.000607289  -0.00107355  -0.103248  -0.0702279  -0.0938533  
0.00120446  0.00104603  -0.00107355  -0.100316  -0.0444724  -0.0700984  
0.00120981  0.00116403  -0.00115494  -0.106784  -0.0594295  -0.0657257  
0.00185298  0.000915674  -0.00122451  -0.118249  -0.0569992  -0.0848173  
0.000796175  0.000915674  -0.00107355  -0.108733  -0.0307264  -0.0984506  
0.00233577  0.000869142  -0.00107355  -0.11207  -0.0634324  -0.100357  
0.000895709  0.000835439  -0.00122985  -0.108503  -0.0566449  -0.100408  
0.00100989  0.000899125  -0.00107355  -0.113326  -0.0506882  -0.0689577  
0.000975659  0.000853096  -0.00119546  -0.113742  -0.0801481  -0.0950086  
0.000895709  0.000853096  -0.00116555  -0.130347  -0.0687877  -0.101782  
0.000895709  0.000454689  -0.00107355  -0.128005  -0.0655577  -0.113351  
0.00134881  0.000853096  -0.00107355  -0.109364  -0.0216693  -0.0889344  
0.00184523  0.000914075  -0.00107355  -0.11561  -0.059729  -0.0540892  
0.00162287  0.0010258  -0.00131647  -0.110823  -0.0395157  -0.0929046  
0.00140485  0.00101434  -0.00138539  -0.120343  -0.0620792  -0.0751028  
0.00112409  0.00113166  -0.00107355  -0.109674  -0.045298  -0.100554  
0.000519914  0.00115114  -0.00107355  -0.103512  -0.0524849  -0.100604  
0.00112409  0.000887019  -0.00126902  -0.0998152  -0.0750741  -0.0790102  
0.000849965  0.000887019  -0.00107355  -0.103211  -0.0496916  -0.0984851  
0.000581445  0.000887019  -0.00126412  -0.100879  -0.054826  -0.0794668  
0.00112409  0.000887018  -0.00107355  -0.101272  -0.0524621  -0.087619  
0.000553536  0.00148324  -0.00148796  -0.0883375  -0.030859  -0.0763777  
0.000722687  0.00131376  -0.00136244  -0.0851969  -0.0513798  -0.0442735  
0.000604537  0.00178025  -0.0012967  -0.0872382  -0.0495004  -0.0511336  
0.000813426  0.00153025  -0.00122693  -0.0903696  -0.0381861  -0.0454934  
0.000993007  0.00153025  -0.00127616  -0.0936246  -0.0624476  -0.0284342  
0.00103953  0.00196738  -0.00119973  -0.091723  -0.0311128  -0.0205307  
0.000693533  0.00176726  -0.000828431  -0.0891988  -0.0377776  -0.0100597  
0.000617001  0.0017367  -0.00100791  -0.0881535  -0.0743574  -0.0116511  
0.00109814  0.00141519  -0.000911408  -0.0715865  -0.045582  -0.0292864  
0.000694465  0.00168198  -0.000978215  -0.0853552  -0.0584736  -0.0124345  
0.000565241  0.00166231  -0.000978215  -0.0849004  -0.0584141  -0.0514881  
0.000667688  0.00160858  -0.00119341  -0.0632713  -0.0151407  -0.0304077  
0.000790987  0.00133739  -0.000978215  -0.0662504  -0.0414446  -0.0148043  
0.00124246  0.00132743  -0.000978215  -0.0723915  -0.0317867  -0.0139819  
0.00100421  0.00169628  -0.000978215  -0.0788653  -0.0269363  -0.0140062  
0.00156326  0.00140109  -0.000978215  -0.0918389  -0.0553637  -0.0340671  
0.000899908  0.00175731  -0.0011072  -0.0812054  -0.0269755  -0.0341197  
0.000883316  0.00158934  -0.00128381  -0.0682272  -0.0451084  -0.00727724  
0.00102899  0.00150651  -0.00119731  -0.0735745  -0.0601628  -0.0340871  
0.00208085  0.00158535  -0.000978215  -0.0662873  -0.00344327  -0.0512682  
0.000630165  0.00205671  -0.00118476  -0.0716962  -0.057861  -0.0514295  
0.000772351  0.00167674  -0.000978215  -0.0680709  -0.0329141  -0.074755  
0.00129683  0.00167674  -0.000978215  -0.0680227  -0.0329357  -0.0512342  
0.00105588  0.0013395  -0.000978215  -0.07101  -0.0621482  -0.0278029  
0.00174894  0.00118076  -0.000978215  -0.0692817  -0.0243145  -0.050662  
0.000917014  0.0015882  -0.000978215  -0.0715485  -0.0266067  -0.0462678  
0.00102913  0.00159187  -0.00119633  -0.0763436  -0.0687563  -0.0507167  
0.000874868  0.0019145  -0.000978215  -0.0760685  -0.0319661  -0.0332909  
0.00100974  0.00194497  -0.000978215  -0.0817795  -0.0219801  -0.0157066  
0.00121199  0.00158079  -0.00125482  -0.0735581  -0.0277629  -0.0189875  
0.000654247  0.00166828  -0.00115549  -0.0656545  -0.0143295  -0.0116372  
0.000262384  0.00183978  -0.00120831  -0.0660067  -0.032416  0.000137279  
0.000509178  0.00155092  -0.00111586  -0.0654463  -0.0397824  -0.0121334  
0.000263207  0.00157813  -0.000946372  -0.0608728  -0.0248537  -0.00393289  
0.000654247  0.00183886  -0.00104789  -0.0588433  -0.0324604  -0.00138201  
-3.60805e-05  0.00185817  -0.000946372  -0.0522415  -0.0153641  0.00256872  
0.000543977  0.00130383  -0.000792617  -0.0478547  -0.0692484  0.00525026  
0.000165506  0.00147017  -0.000808137  -0.0433096  -0.00426765  0.00471742  
0.000654247  0.001207  -0.000808137  -0.0517582  -0.0625286  0.00424091  
0.000413592  0.00120981  -0.000808137  -0.0512304  -0.00047446  -0.00578154  
1.87011e-05  0.00130383  -0.000757774  -0.0400612  -0.0234503  -0.00575484  
0.000575913  0.00130383  -0.000808137  -0.0458229  -0.0146568  -0.0341138  
0.000390103  0.00130383  -0.000808137  -0.050208  -0.0167865  -0.0187348  
0.000686583  0.00130383  -0.000808136  -0.0480738  -0.0332003  0.000526229  
0.000795935  0.00130383  -0.000808136  -0.0513559  -0.00608619  0.0104664  
0.000660103  0.00155383  -0.000589117  -0.0473575  -0.024557  0.0314331  
0.00050756  0.00130383  -0.000588588  -0.0432246  -0.0169567  0.000296381  
6.1937e-05  0.00147154  -0.000808136  -0.0389402  -0.0161733  0.0219927  
0.000208825  0.00130383  -0.000808136  -0.0314078  -0.0429741  -0.0231723  
0.000832642  0.00109952  -0.000808136  -0.0348691  0.00812111  -0.0331547  
8.05054e-05  0.000834408  -0.000808136  -0.0428989  -0.0208834  -0.00118655  
0.00104178  0.000738156  -0.000808136  -0.0484852  -0.00571053  -0.00993692  
0.000817433  0.000903895  -0.000808136  -0.0343915  0.0141612  0.00171944  
0.000963603  0.000831506  -0.000618951  -0.0452299  -0.0340415  -0.00642889  
0.000141315  0.00122268  -0.000637452  -0.039854  0.00310252  0.00731616  
0.00036659  0.000903895  -0.000562906  -0.0309648  -0.0218553  0.0301512  
-4.15477e-05  0.000903895  -0.000151082  -0.0229366  -0.0307287  0.0118954  
0.000174675  0.000971418  -0.000119199  -0.0213908  -0.00244329  0.0293594  
0.00119107  0.000311806  -3.14705e-05  -0.0107233  -0.0453467  0.00211619  
-0.000199003  0.000311806  -0.000119199  -0.0104043  0.0156244  0.0239603  
0.000432285  0.000329133  -0.000119199  -0.00753461  -0.0345552  0.0083479  
0.000166574  0.000259343  -0.000119199  -0.00279174  0.00858218  -0.00423111  
0.000147252  -0.000800134  0.000122762  0.0022095  -0.027978  -0.0133482  
0.00130724  -0.000495562  0.000130696  0.00939105  -0.00125386  -0.074289  
0.000211678  -0.000147233  0.000206955  0.00942063  -0.015854  -0.0548987  
0.000734004  4.82576e-05  0.000119233  0.00944209  -0.0232437  -0.0644631  
0.000342804  0.000108345  0.000119233  0.0198968  -0.0122191  -0.0788013  
0.000564747  -0.00036839  0.000211118  0.00939627  -0.0641044  -0.118233  
0.00094896  -0.000301195  0.000119233  0.00941249  0.0090682  -0.109848  
0.000863952  -0.000301196  0.000119233  0.00941249  -0.0420427  -0.126289  
0.000266804  -0.000301196  0.000119233  0.00941249  -0.00497868  -0.118737  
0.000760765  -0.000301196  0.000188688  0.0215565  -0.0132806  -0.0981631  
0.00088445  -0.000301195  0.000339796  0.0215143  -0.0248314  -0.0981631  
0.00085963  -0.000705056  0.000596303  0.0326145  -0.00421633  -0.0981761  
0.000545797  -0.000664645  0.000603406  0.0325968  -0.0251863  -0.114555  
8.30201e-05  -0.000457496  0.000580752  0.0302661  -0.0283569  -0.142172  
0.000116626  -0.000283161  0.000184297  0.0296771  0.0145787  -0.120179  
0.000737275  -0.000418576  0.000304021  0.0284536  -0.0254231  -0.106442  
0.000878509  -0.000470966  0.000355501  0.0326358  0.017425  -0.0884009  
0.000777737  -0.00052633  0.000543754  0.0450853  -0.0327198  -0.0792207  
0.000936345  -0.000831312  0.000650826  0.0467704  -0.00115693  -0.071358  
0.000541586  -0.000559217  0.000645267  0.0455455  -0.0172537  -0.113652  
0.000670371  -0.000411962  0.000487891  0.0421521  -0.0100631  -0.117468  
0.000585596  -0.000275237  0.000298243  0.0498853  0.00950772  -0.109519  
0.000644668  -0.000553575  0.000443347  0.0498347  -0.0345761  -0.0885035  
0.000826464  -0.000469664  0.000432528  0.0498442  -0.016627  -0.106564  
0.00087664  -0.000831312  0.000372273  0.0430468  -0.0166089  -0.0970423  
0.00123487  -0.000626162  0.000470154  0.0438182  -0.0277293  -0.107861  
0.000517872  -0.000380923  0.000416909  0.0498583  -0.0148992  -0.145819  
0.000834093  -0.000416117  0.000400304  0.0351645  -0.0396069  -0.165501  
0.00159265  -0.000629486  0.000590966  0.0259596  -0.0156289  -0.183821  
0.00123939  -0.000562427  0.000672419  0.0259583  -0.0101058  -0.180582  
0.0014492  -0.000552585  0.000676644  0.0328789  -0.0587075  -0.176577  
0.000970088  -0.000335191  0.000753458  0.0329411  -0.0261255  -0.20421  
0.00116912  -0.000598564  0.000927422  0.0388124  -0.0365714  -0.212619  
0.00136867  -0.000859387  0.000895275  0.0328292  -0.050895  -0.227227  
0.00109385  -0.000747718  0.00106175  0.0328402  -0.0360072  -0.243277  
0.00132858  -0.000683643  0.00106175  0.032857  -0.0512536  -0.244284  
0.0010342  -0.000747718  0.000905071  0.0213058  -0.0511364  -0.280921  
0.0012922  -0.000497718  0.000813391  0.0235816  -0.0222742  -0.271025  
0.00162355  -0.00121202  0.00106175  0.0244158  -0.0543627  -0.265249  
0.00173796  -0.00121202  0.00106175  0.032716  -0.0376346  -0.24916  
0.00159221  -0.00104769  0.00106175  0.0327542  -0.025162  -0.252405  
0.00160067  -0.00121202  0.00117202  0.0301803  -0.0655672  -0.262584  
0.00148174  -0.00121202  0.0012643  0.0327132  -0.0474936  -0.260986  
0.00124994  -0.00121202  0.00106175  0.032716  -0.0330246  -0.260067  
0.00230489  -0.00121202  0.00106175  0.032716  -0.0509633  -0.287127  
0.00148647  -0.00106554  0.00106175  0.0327578  -0.0212179  -0.280014  
0.00191087  -0.00121202  0.00131864  0.0326934  -0.0660828  -0.295296  
0.0024784  -0.00121202  0.00106175  0.032716  -0.0243351  -0.324274  
0.00246945  -0.00134435  0.00106175  0.0257391  -0.0178339  -0.31914  
0.0020221  -0.00154402  0.00106174  0.0302778  -0.0472139  -0.301091  
0.00216902  -0.00167448  0.0012841  0.0325933  -0.0423725  -0.309934  
0.00207343  -0.00148  0.00106174  0.0393718  -0.0235182  -0.301382  
0.00175564  -0.00121202  0.00141442  0.0472521  -0.0726825  -0.285947  
0.00198043  -0.00153711  0.001488  0.0571388  -0.039638  -0.286246  
0.00211927  -0.00161531  0.0016182  0.0571055  -0.0442087  -0.279903  
0.00194069  -0.0012545  0.00149955  0.0548923  -0.0725914  -0.268867  
0.00160605  -0.00117176  0.00161274  0.0691767  -0.0286793  -0.260946  
0.00170999  -0.00128429  0.00183289  0.0740031  -0.0902192  -0.258957  
0.00151932  -0.00081509  0.00156664  0.0741353  -0.0355421  -0.284306  
0.0022377  -0.00117197  0.00162631  0.0713088  -0.0508712  -0.284305  
0.00170431  -0.00124775  0.00139965  0.0741196  -0.0539038  -0.280521  
0.00142726  -0.00114395  0.00146165  0.0781805  -0.0244459  -0.245877  
0.00200822  -0.000998075  0.00162377  0.0655594  -0.0612575  -0.281036  
0.00151974  -0.00124775  0.00154074  0.07194  -0.0212264  -0.258501  
0.00208664  -0.000830801  0.00149176  0.0614305  -0.0409282  -0.243249  
0.00260015  -0.00124775  0.00168909  0.0779686  -0.0230355  -0.229379  
0.00166366  -0.00124775  0.00183289  0.0914173  -0.0228469  -0.229391  
0.00250173  -0.00111425  0.00183289  0.0914465  -0.0796698  -0.277846  
0.00401527  -0.000923434  0.00203808  0.0915208  -0.131926  -0.376588  
0.00304706  -0.000832159  0.00183289  0.0689755  -0.107315  -0.360039  
0.00342407  -0.00088612  0.00183289  0.0714036  -0.0898346  -0.35902  
0.00280612  -0.00088612  0.00149348  0.0792333  -0.0642317  -0.327123  
0.00355365  -0.00088612  0.00183289  0.0915528  -0.113239  -0.303114  
0.00313147  -0.00088612  0.00177964  0.0915562  -0.0434392  -0.317204  
0.00318028  -0.000804754  0.00183289  0.0915754  -0.0973255  -0.30371  
0.00317775  -0.000741372  0.00183289  0.0880328  -0.0765841  -0.316881  
0.00274643  -0.000807172  0.00183289  0.0915745  -0.0592961  -0.31362  
0.00306861  -0.000825917  0.00183289  0.0915704  -0.108076  -0.325145  
0.00287471  -0.000796417  0.00197115  0.0915742  -0.0736194  -0.34144  
0.00317943  -0.00088612  0.00183289  0.0915528  -0.0693753  -0.333694  
0.00398933  -0.00088612  0.00183289  0.0723812  -0.0890807  -0.352434  
0.0029874  -0.00088612  0.00183289  0.0736376  -0.0846638  -0.339512  
0.0029874  -0.00088612  0.00183289  0.0837393  -0.0756552  -0.33895  
0.00344689  -0.00101667  0.00226872  0.091452  -0.10894  -0.332159  
0.00271522  -0.00088612  0.00243453  0.114048  -0.050825  -0.337726  
0.00271031  -0.00088612  0.00234767  0.109567  -0.111705  -0.328602  
0.00237936  -0.00088612  0.00224119  0.114117  -0.0884323  -0.351784  
0.00243537  -0.00107157  0.00225569  0.114024  -0.0858734  -0.33425  
0.00342427  -0.00125231  0.00218865  0.113968  -0.0744314  -0.357832  
0.00277078  -0.00100446  0.00216024  0.106201  -0.0599406  -0.330591  
0.00359575  -0.00123553  0.0021529  0.108191  -0.0836198  -0.312139  
0.0024123  -0.00105903  0.00221646  0.110377  -0.0443935  -0.329742  
0.00271717  -0.00116155  0.00221646  0.113986  -0.0741497  -0.337205  
0.00189763  -0.00116155  0.00234056  0.111083  -0.0738778  -0.336102  
0.00200718  -0.00116155  0.00221646  0.113986  -0.0738921  -0.322099  
0.00214614  -0.0013011  0.00275327  0.113878  -0.0980522  -0.319629  
0.00231295  -0.00160264  0.00273032  0.116459  -0.057419  -0.332693  
0.00205907  -0.00160264  0.00280678  0.113763  -0.0891261  -0.31753  
0.00192905  -0.00160264  0.00293559  0.11375  -0.0704944  -0.324235  
0.00149787  -0.00160264  0.00293559  0.11375  -0.079563  -0.343605  
0.00210539  -0.00160264  0.00293559  0.10857  -0.0867621  -0.343566  
0.00154068  -0.00160264  0.0028308  0.113756  -0.066098  -0.343604  
0.00198546  -0.00200466  0.00293559  0.136821  -0.0734109  -0.324721  
0.00216649  -0.00200466  0.00327703  0.143942  -0.0906481  -0.321  
0.0013307  -0.00200466  0.00350172  0.154123  -0.0775341  -0.32059  
0.00246097  -0.00200466  0.00335428  0.13937  -0.0895335  -0.363286  
0.00180649  -0.00148853  0.00300873  0.138273  -0.0321615  -0.36806  
0.00165968  -0.00146373  0.00284246  0.133604  -0.0827048  -0.34434  
0.00193403  -0.00147777  0.00276249  0.131025  -0.0520887  -0.332405  
0.00179784  -0.0019115  0.00284246  0.152182  -0.0414579  -0.3081  
0.00186548  -0.00200466  0.00313414  0.139092  -0.0863649  -0.308405  
0.00231286  -0.00175466  0.00341197  0.144546  -0.0566353  -0.334199  
0.00153775  -0.00192532  0.00348028  0.139396  -0.07398  -0.322964  
0.00173049  -0.00200466  0.00338257  0.147259  -0.101697  -0.320052  
0.00129784  -0.00177302  0.00337579  0.137715  -0.054567  -0.349337  
0.00162802  -0.00200466  0.00290683  0.120481  -0.0707713  -0.350751  
0.00130462  -0.00200466  0.00290683  0.140116  -0.0742213  -0.334277  
0.00154564  -0.00200466  0.00330743  0.14853  -0.0601607  -0.318079  
0.0011884  -0.00200466  0.00356312  0.169417  -0.07568  -0.306612  
0.00132263  -0.0022712  0.00356312  0.161891  -0.0916952  -0.305025  
0.00149225  -0.00243059  0.00375526  0.16928  -0.0606146  -0.334347  
0.000984296  -0.00253788  0.00422512  0.174871  -0.0753517  -0.334406  
0.00164151  -0.00250298  0.00392521  0.160904  -0.0740177  -0.366307  
0.00108267  -0.00211278  0.00365179  0.145309  -0.0365706  -0.353294  
0.00193324  -0.00212271  0.00348784  0.147274  -0.0576446  -0.352752  
0.00147762  -0.00196269  0.00323722  0.126963  -0.0379612  -0.353058  
0.00178785  -0.00211859  0.0031844  0.136003  -0.0158538  -0.335801  
0.00142466  -0.0024387  0.0034118  0.142417  -0.043149  -0.295577  
0.00147668  -0.00243522  0.00346443  0.144883  -0.0393863  -0.324301  
0.00123554  -0.0025155  0.00323722  0.158262  -0.0185925  -0.314814  
0.00120174  -0.00241752  0.00331884  0.148505  -0.0625054  -0.302125  
0.00144839  -0.0024225  0.00323722  0.151871  -0.0493075  -0.305691  
0.00227571  -0.00286786  0.00373707  0.160721  -0.0363315  -0.326799  
0.00182186  -0.00206567  0.00362963  0.145667  -0.0733073  -0.351329  
0.00328975  -0.00206567  0.00347524  0.116822  -0.16102  -0.457608  
0.00239102  -0.00181819  0.0032033  0.119566  -0.0587553  -0.389146  
0.0019911  -0.00162115  0.00274876  0.115805  -0.0698937  -0.357487  
0.00188395  -0.00184901  0.00302795  0.140626  -0.045261  -0.369493  
0.0017873  -0.00162115  0.00309443  0.134588  -0.054303  -0.354722  
0.00200498  -0.00162115  0.00309443  0.120663  -0.0790622  -0.353603  
0.00169104  -0.00184676  0.00309443  0.137863  -0.0296857  -0.368708  
0.00183108  -0.00162115  0.00309443  0.129033  -0.0760501  -0.374786  
0.00152062  -0.00175957  0.00309443  0.12135  -0.0455006  -0.38593  
0.00160883  -0.00203708  0.00300764  0.124676  -0.0564817  -0.372525  
0.00168519  -0.00190061  0.00282728  0.127899  -0.0633723  -0.357444  
0.00185544  -0.00203708  0.00309443  0.1328  -0.0435327  -0.363266  
0.00123819  -0.00187426  0.00309443  0.140587  -0.0377661  -0.354733  
0.00140743  -0.00196974  0.00321268  0.142151  -0.0752607  -0.340176  
