-0.00519491  0.000185534  0.000326305  0.0321859  -0.105005  0.376543  
-0.0048317  0.000293787  0.000252216  0.031318  -0.102633  0.366043  
-0.00512866  0.000293787  0.000144643  0.028812  -0.0734199  0.367363  
-0.00461417  3.22156e-05  0  0.0257354  -0.095141  0.369655  
-0.00443612  -4.018e-05  0.000324568  0.0327514  -0.062355  0.325178  
-0.00483324  0.000512603  0.000294787  0.026511  -0.104353  0.325038  
-0.00453691  8.60258e-05  0  0.0292611  -0.056819  0.311981  
-0.00443752  7.80419e-05  0.000147046  0.034658  -0.0864609  0.309226  
-0.0042787  -0.000104026  0.000211866  0.0305718  -0.0681877  0.306919  
-0.00485022  0.000309986  0  0.0260321  -0.0863239  0.315912  
-0.0040003  0.000110548  0.000111901  0.0270256  -0.0783643  0.326486  
-0.0040003  7.46358e-05  0.000173064  0.0278163  -0.0485973  0.310877  
-0.00442867  0.000127615  0.000172143  0.0257206  -0.0797896  0.309383  
-0.00387207  -4.46278e-05  0.000288188  0.0245464  -0.0771307  0.29345  
-0.00387166  0.000218695  0.000364802  0.0241363  -0.0411038  0.274595  
-0.00360299  -1.95874e-05  0.00035812  0.0241998  -0.101724  0.301536  
-0.00376026  0.000123165  0.000286875  0.0257464  -0.0588746  0.28818  
-0.0033318  6.26179e-05  0  0.0293816  -0.0385073  0.311818  
-0.00349202  5.64724e-05  0.000333077  0.0265612  -0.0948412  0.314529  
-0.00291477  -4.38449e-05  0.000244124  0.0286704  -0.0806015  0.293241  
-0.00370653  0.000261364  0.000128899  0.0232604  -0.0680866  0.299045  
-0.00284826  1.14946e-05  0.000366104  0.0224493  -0.101668  0.293257  
-0.0027389  0.000195198  0.000338732  0.0312738  -0.0642597  0.25384  
-0.00267763  9.12175e-06  0.000415641  0.0216713  -0.0720073  0.258435  
-0.0031289  0.000369302  0.000475156  0.0210521  -0.102587  0.221692  
-0.00276174  9.99639e-05  0.000363303  0.0212816  -0.0802638  0.220161  
-0.00301026  0.000136901  0.000345245  0.0148326  -0.0762522  0.214166  
-0.00265622  5.93984e-05  0.000112645  0.0171107  -0.0996451  0.223657  
-0.00301531  0.000263959  0.000263036  0.0182828  -0.0525495  0.22434  
-0.0028074  0.000369301  9.65811e-05  0.0155886  -0.07615  0.232084  
-0.00314197  0.000234094  0.000352755  0.0151971  -0.106586  0.241476  
-0.00240926  0.000238362  0.000149979  0.014942  -0.0997282  0.222942  
-0.00290364  0.000238362  0.000342513  0.0164498  -0.069262  0.232063  
-0.00225915  0.000238362  0.00025086  0.0202251  -0.101736  0.232246  
-0.00262404  0.000445487  0  0.0147217  -0.0748446  0.185022  
-0.00245232  0.000170299  7.97404e-05  0.0142675  -0.111708  0.199988  
-0.00220874  0.000417967  0.000326683  0.0142118  -0.0690744  0.170545  
-0.0021247  6.64315e-05  0.000313623  0.0187621  -0.085816  0.204215  
-0.00213826  0.000349374  0.000374025  0.0214332  -0.0954785  0.206231  
-0.00191604  0.000349374  0  0.0171142  -0.062836  0.215065  
-0.00245379  0.000349374  0.000182972  0.0150398  -0.0828596  0.207094  
-0.0019059  0.000349374  0  0.0154808  -0.100259  0.213966  
-0.00228184  0.00041099  0.000329989  0.0058487  -0.0653817  0.209474  
-0.00224497  0.000356352  0.000342555  0.0125192  -0.0953027  0.204259  
-0.00214856  0.000290974  0.000319241  0.0131746  -0.114705  0.197185  
-0.00235444  0.000310199  0.000274756  0.0118203  -0.0552951  0.160904  
-0.00204137  0.000166626  0.000174988  0.0144654  -0.104507  0.182005  
-0.00194005  0.000346898  0.000219734  0.0159174  -0.0645453  0.161041  
-0.00205304  0.000471992  0.000283805  0.0121282  -0.0890986  0.181965  
-0.00141302  0.000448465  0.000257362  0.0130998  -0.113851  0.156264  
-0.00175342  0.00030856  0.000257362  0.0143925  -0.0885901  0.128384  
-0.00159243  0.000245402  0.000398239  0.00867971  -0.0963481  0.136152  
-0.00163097  0.000245402  0.000257362  0.00681387  -0.116111  0.139705  
-0.00133696  0.000245402  0.000257362  0.0075348  -0.0723435  0.117082  
-0.0014185  0.000311134  0.000257362  0.00755069  -0.0942265  0.117073  
-0.00095175  0.000245402  0.000257362  0.00561326  -0.0964374  0.122719  
-0.00152461  0.000245402  0.000257362  0.0107397  -0.0656718  0.11706  
-0.00147424  0.000245402  0.000389235  0.00850989  -0.102922  0.139506  
-0.00176233  0.000245402  0.000257362  0.00391058  -0.105457  0.0967836  
-0.00110837  0.00012269  0.000257362  0.0102481  -0.0789014  0.112165  
-0.00143258  0.000226548  0.000257362  0.0117185  -0.0920656  0.101379  
-0.00104286  0.000226548  0.000257362  0.0104872  -0.0837571  0.0978613  
-0.00110221  4.25132e-05  0.000257362  0.0123663  -0.0610435  0.10935  
-0.00110221  0.000171845  0.000400097  0.0116173  -0.0916154  0.105775  
-0.000802517  5.30057e-05  0.000257362  0.0174871  -0.100314  0.0894222  
-0.00110221  0.00015915  0.000257362  0.00736247  -0.0798332  0.0781655  
-0.00110221  0.00015915  0.000257362  0.00881686  -0.0723943  0.0979223  
-0.00135221  0.00015915  0.000257362  0.00615323  -0.101562  0.089296  
-0.000771459  -7.63396e-06  0.000257363  0.00305726  -0.0746189  0.0843402  
-0.000508876  -0.000108551  0.000350106  0.00797969  -0.0657233  0.0894463  
-0.000771348  2.43193e-05  0.000374394  0.00880077  -0.0880747  0.0870054  
-0.000719973  -0.000293398  0.000257362  0.00740699  -0.0581149  0.0788616  
-0.00111621  6.00864e-05  0.00034922  0.00243968  -0.0793058  0.0947665  
-0.000476277  -0.000140868  0.000257362  0.00364554  -0.101987  0.11538  
-0.00111621  -9.24146e-06  0.000178581  0.00663056  -0.0548029  0.0860011  
-0.000637692  -0.000338743  0.000257362  0.00687584  -0.104271  0.105121  
-0.000964518  9.75279e-05  0.000257363  0.0065025  -0.084822  0.0895277  
-0.000506758  -8.82796e-05  0.000331609  0.00220212  -0.0695609  0.069237  
-0.00133928  3.98019e-05  0.000257363  -0.00399848  -0.0930327  0.090495  
-0.000310106  -8.21086e-05  0.000257362  0.0028122  -0.0929221  0.0825037  
-0.000812885  -0.000257251  0.000109498  -0.00402964  -0.0544595  0.0830485  
-0.000721488  -0.000257251  0.000257362  -0.00189425  -0.0826184  0.12605  
-0.000472962  -0.000257251  0.000257362  -0.0023341  -0.0779095  0.106817  
-0.000780545  -0.000247486  0.000201682  -0.00213309  -0.0705426  0.0900638  
-0.000617827  -9.26423e-05  0.000257363  -0.00228715  -0.0981911  0.0972711  
-0.00063264  -9.86015e-05  0.000257363  0.00795238  -0.0614614  0.0847274  
-0.000475728  -9.24361e-05  0.000257363  -0.00867088  -0.0614436  0.0940722  
-0.000633302  8.23293e-05  0.000257363  -0.00449576  -0.0874149  0.0980236  
-0.000261635  -0.000409535  0.000257363  0.00796469  -0.0733858  0.100336  
-0.00024862  -0.000221969  0.000257363  -0.00497115  -0.0619228  0.0810895  
-0.000298738  -0.000104931  0.000257363  -0.00539291  -0.0773084  0.102826  
3.07906e-05  -4.09684e-05  0.000257363  -0.00549986  -0.0559999  0.0903995  
-0.00024963  -4.09684e-05  0.000257363  -0.00414582  -0.0570446  0.0778482  
-0.000217844  -4.09684e-05  0.000257363  -0.00207081  -0.0832987  0.0710924  
3.6268e-05  -4.09684e-05  0.000158097  0.00795408  -0.0534023  0.0899701  
-0.000251801  -0.000200222  0.000257363  -0.00224102  -0.05343  0.0844981  
-0.000251801  -4.09684e-05  0.000257363  0.00793977  -0.0875616  0.100651  
-0.000251801  -4.09684e-05  0.000257363  -0.00150643  -0.0875616  0.0899659  
-0.000251801  -0.000136052  0.000257362  0.00160262  -0.0461675  0.076266  
-0.000251801  -0.000274  0.000257363  -0.00235792  -0.0668943  0.0912599  
-0.00053141  -8.56383e-05  0.000144275  0.00796548  -0.0847926  0.0766339  
-0.000818265  -0.000129859  0.000257363  0.00794162  -0.0590451  0.0748873  
-0.000444519  -0.00022511  0.000257363  -0.000853703  -0.0686522  0.0863494  
-0.000306883  -0.000129859  0.000310427  -0.00117211  -0.0736592  0.0650599  
-0.000238101  -0.000317374  0.000257363  0.00359766  -0.0450587  0.0658701  
-0.000439553  -0.000129859  0.000257363  0.00272692  -0.0761719  0.100289  
-0.000357095  -0.000129859  0.000257363  0.00794162  -0.0528573  0.0991167  
-0.000439553  -0.000253603  0.000257362  0.0079559  -0.0833365  0.108356  
-0.000511259  -0.000273271  0.000257362  0.00151891  -0.0460752  0.0695359  
-0.000439553  -0.000243693  0.000204253  0.00796653  -0.037556  0.101653  
-0.000191934  -0.00027573  0.000257363  -0.000475985  -0.0754176  0.0796013  
-0.000439553  -0.00021792  0.000257363  0.00794973  -0.0173074  0.0667284  
-0.000898041  -0.000575293  0.000257363  0.00798704  -0.0790505  0.103876  
-0.000566237  -0.000575293  0.000257363  0.00798704  -0.0592749  0.0855902  
-0.00153696  -0.000575293  0.000257363  0.00138566  -0.0409518  0.051327  
-0.000520159  -0.000323919  8.718e-05  -0.00399424  -0.0603184  0.101617  
-0.000773152  -0.000296213  0.000257363  -0.00326693  -0.0333295  0.0984387  
-0.00156775  -5.12808e-05  1.06992e-05  0.00797056  -0.0579014  0.107415  
-0.000875095  -0.000527228  -1.8158e-05  0.00217481  -0.0455475  0.104627  
-0.00177614  -0.00016819  0.000122037  0.00801401  -0.0336547  0.0727486  
-0.00130816  -0.000317651  -0.00016507  0.00806802  -0.0507434  0.085912  
-0.00130816  -0.000338233  -0.00016507  0.0040024  -0.0493879  0.0411436  
-0.00122137  -0.000363026  -1.45124e-05  0.00328636  -0.0422157  0.0583846  
-0.000441445  -0.000527227  8.43406e-05  0.00547221  -0.0647253  0.0806235  
-0.00107287  -5.34928e-05  6.81874e-05  0.00171909  -0.0152355  0.0513855  
-0.00095983  -0.000323688  0.000125341  0.00287483  -0.0418772  0.0930784  
-0.000386427  -0.000423564  0.000175181  0.000817442  -0.0456783  0.0850574  
-0.0006937  -0.000189825  0.000209158  0.00800669  -0.0168274  0.0808927  
-0.000555906  -0.000359036  3.39648e-05  0.00805155  -0.0538783  0.0927508  
-0.00098732  -0.000219448  4.51342e-05  0.00804547  -0.026432  0.0527044  
-0.000996748  -0.000219448  3.32083e-05  0.00803561  -0.0290704  0.0775671  
-0.000219891  -0.000219448  0.000195756  0.00185355  -0.0380243  0.0610497  
-0.000993246  -0.000254063  2.34259e-05  0.00805106  0.00197122  0.0381761  
-0.000430372  -0.00040807  -1.76962e-05  0.00804384  -0.0501972  0.0545256  
-0.0013736  -2.85229e-06  2.47427e-05  0.000904804  -0.00907831  0.0174654  
-0.000555979  -0.000169347  7.88164e-05  -0.000173941  -0.0247597  0.0601383  
-0.000374386  -0.000221856  6.38284e-05  0.00150306  -0.024777  0.0812312  
-0.000298377  -0.000241269  -0.00016507  -0.000635118  -0.0211766  0.0694227  
-0.000555979  -0.000327086  -0.00016507  -0.00209532  -0.0227104  0.0550828  
-0.000735943  0.000112268  -0.00016507  -0.00168972  -0.0379196  0.0581738  
-0.000410343  -0.000369282  -0.00016507  -0.00532977  -0.0227016  0.0601467  
-0.00108171  -0.000191045  -0.00016507  -0.00451474  -0.0197392  0.0292015  
-0.000555979  -3.92332e-05  -0.00016507  -0.00465264  -0.0378746  0.069185  
-0.000138086  -4.75213e-05  -0.00016507  -0.00513115  -0.0186223  0.0298356  
-0.000200203  -0.000104727  -4.19543e-06  -0.00306552  -0.0134958  0.0385866  
-7.92091e-05  -0.000104727  1.11155e-05  -0.00397768  -0.038476  0.0486067  
-0.000947402  0.000334522  -2.12138e-07  -0.00538835  0.00181784  0.0380268  
-0.000296105  -0.000356975  -0.00016507  0.00803106  -0.0402572  0.0481732  
-0.000860235  0.000400037  -0.00016507  -0.00132807  -0.0354106  0.00116466  
6.66774e-05  -8.32189e-06  3.08554e-06  0.00339043  0.000332635  0.0012203  
-0.000654284  2.70379e-05  -0.00016507  0.0080171  -0.0203264  0.0596917  
-0.000382743  9.33255e-05  -0.00016507  0.00803362  -3.39015e-05  0.0666652  
-0.000425174  0.000101367  -0.00016507  0.00803808  0.0214248  0.0576308  
-0.00051073  0.000274523  -0.00010257  0.00802153  -0.0331992  0.0628943  
-0.00152339  0.000274523  -0.00016507  0.0080289  0.00414513  0.0678779  
-0.000834395  0.000274523  -0.00016507  0.0080289  0.00237619  0.0866324  
-0.000834395  0.000574175  -0.000283668  0.00717657  0.000984546  0.0711592  
-0.000834395  0.000274523  -0.000287166  0.0129782  0.013284  0.0545509  
-0.00139593  0.000533973  -0.00016507  0.00935219  0.00579051  0.0360571  
-0.00115436  0.000335494  -0.000413146  0.00906489  -0.0046607  0.0502166  
-0.0010844  0.000313321  -0.000432018  0.00423209  0.00578317  0.028807  
-0.000834395  0.000474173  -0.000393483  0.00785993  0.0457492  0.0590967  
-0.000640173  0.000361019  -0.00016507  0.00926635  -0.0169325  0.107642  
-0.0017024  0.000361019  -0.000372013  0.0149055  0.0443643  0.0538271  
-0.00119421  0.000624049  -0.000396021  0.0176654  0.00161454  0.0891265  
-0.000947134  0.000361019  -0.00016507  0.0149659  -0.00856126  0.0757913  
-0.00176656  0.000778803  -0.000434893  0.0111993  0.0174566  0.0359476  
-0.00109306  0.000482298  -0.00036825  0.00688551  -0.012038  0.0566727  
-0.00144203  0.000602068  -0.000600211  0.01099  0.024269  0.0610641  
-0.000933786  0.000676161  -0.000600212  0.00442646  -0.0100749  0.109195  
-0.00105432  0.000778803  -0.000444326  0.00316658  -0.00771516  0.0952008  
-0.00177885  0.000778803  -0.000600211  0.00676844  0.0315829  0.0623759  
-0.00116639  0.000625617  -0.000423689  0.00701656  0.00733989  0.100302  
-0.00114138  0.000778803  -0.000389053  0.0093471  0.00734927  0.0715059  
-0.00170891  0.00067941  -0.000417304  0.0156787  0.0159851  0.0504441  
-0.000879578  0.000672115  -0.000600212  0.0155118  -0.0097188  0.0512394  
-0.00149171  0.000911538  -0.000403884  0.00913013  0.0378291  0.0162271  
-0.00139138  0.000677158  -0.000412479  0.0101928  0.0208111  0.0623478  
-0.000881604  0.000970889  -0.000600211  0.0150222  0.00350693  0.0624318  
-0.00182596  0.000785565  -0.00053736  0.00931683  0.0352659  0.0498268  
-0.00148336  0.000785566  -0.000600212  0.0118357  -0.01377  0.063006  
-0.00144727  0.000785565  -0.000600211  0.0107525  0.0209934  0.0820505  
-0.00119382  0.000785566  -0.000600212  0.0155556  0.0338656  0.0812012  
-0.00111222  0.000785566  -0.000600211  0.0158442  0.0203578  0.0797146  
-0.00119188  0.000785566  -0.000600212  0.0129254  0.0244981  0.104486  
-0.00127944  0.000785565  -0.000600211  0.0158648  0.0248659  0.0781101  
-0.00160906  0.000785566  -0.000600212  0.0134312  0.0413393  0.0770868  
-0.00126062  0.000785566  -0.000600212  0.00280765  0.00675788  0.103829  
-0.00177267  0.000979954  -0.000600212  0.00821212  0.0556768  0.0896303  
-0.00160906  0.000785566  -0.000600212  0.0161617  0.0175862  0.118279  
-0.00160906  0.000879886  -0.000600211  0.01435  0.0234796  0.060864  
-0.00160906  0.00119868  -0.000600211  0.0197314  0.0269099  0.0770952  
-0.000993144  0.00110647  -0.000600211  0.0105436  0.0141363  0.0774823  
-0.00160906  0.00119868  -0.000600211  0.0100877  0.0311808  0.0569997  
-0.00160906  0.000922294  -0.000600212  0.0106548  0.00721353  0.0615113  
-0.00118518  0.000768807  -0.000600211  0.0117397  0.0195535  0.0428126  
-0.00146771  0.00119868  -0.000600211  0.0102037  0.0401135  0.0269025  
-0.00118767  0.000726545  -0.000600211  0.0129841  0.015877  0.0637318  
-0.00144407  0.000860165  -0.000600211  0.0167364  0.0352356  0.0292864  
-0.00121235  0.000726545  -0.000600211  0.0249349  0.0352535  0.0547324  
-0.000679363  0.000726545  -0.000600211  0.0117518  0.0353094  0.0805964  
-0.00185369  0.000997616  -0.000770501  0.0118067  0.0614355  0.0535422  
-0.00174918  0.000658097  -0.000600212  0.0119805  0.027014  0.0617676  
-0.00182992  0.000924412  -0.000600212  0.0128041  0.0195427  0.0538091  
-0.00203378  0.000818133  -0.000600212  0.011698  0.0556678  0.0374887  
-0.00178154  0.000658097  -0.000770502  0.011231  0.0197509  0.06154  
-0.00203378  0.000940019  -0.000705416  0.00875108  0.0239297  0.0390385  
-0.00203378  0.000658097  -0.000528284  0.00332882  0.0406943  0.046842  
-0.00167111  0.000658097  -0.000600212  0.00982485  0.0374616  0.0941013  
-0.00239201  0.000839902  -0.000600212  0.0158629  0.0429547  0.0762047  
-0.00239201  0.000838236  -0.000600212  0.0249184  0.0605162  0.0934514  
-0.00239201  0.000950758  -0.000600212  0.0185498  0.0349975  0.0828586  
-0.00196211  0.000846065  -0.000600212  0.024914  0.0475727  0.0854321  
-0.00199146  0.00101382  -0.000600212  0.0118195  0.0488096  0.100073  
-0.00164721  0.000878071  -0.000600212  0.0131908  0.0416764  0.105611  
-0.00155178  0.000950759  -0.000600212  0.0248965  0.075638  0.100101  
-0.00186884  0.000950759  -0.000600212  0.0248965  0.0518648  0.132363  
-0.0017548  0.0010772  -0.000600212  0.0248776  0.0383474  0.100106  
-0.00190651  0.000952371  -0.000600212  0.0249062  0.0825468  0.116651  
-0.00198113  0.00105329  -0.000600212  0.0248845  0.0619905  0.150583  
-0.00195932  0.000890708  -0.000600212  0.0249217  0.0656964  0.135245  
-0.00265762  0.00098137  -0.00072319  0.0225471  0.0897615  0.148012  
-0.00193964  0.000701749  -0.000756984  0.0251631  0.0284697  0.157444  
-0.00214405  0.000914512  -0.000786141  0.0205388  0.064833  0.135271  
-0.00244009  0.00090817  -0.000533411  0.0195569  0.0709457  0.168962  
-0.00180343  0.000773662  -0.000638772  0.0254329  0.0328158  0.17077  
-0.00278697  0.00132339  -0.000607576  0.0157424  0.0982174  0.181576  
-0.00222964  0.00105361  -0.000679623  0.023781  0.0588651  0.214143  
-0.00225672  0.00127228  -0.000560868  0.025714  0.109743  0.216842  
-0.00227789  0.00111024  -0.000569516  0.0296362  0.101675  0.230092  
-0.0023112  0.000858299  -0.000587747  0.0303303  0.0723674  0.209899  
-0.00309453  0.00114644  -0.000686474  0.028853  0.102756  0.211781  
-0.002496  0.00123162  -0.00064907  0.0287617  0.0877456  0.245765  
-0.00204056  0.000910841  -0.000666872  0.0233002  0.0795473  0.245753  
-0.00285665  0.001175  -0.000279052  0.027057  0.136954  0.25571  
-0.0022441  0.00126282  -0.000359117  0.0251584  0.100835  0.245746  
-0.00280097  0.00110031  -0.000679715  0.0317085  0.119719  0.245708  
-0.00340156  0.00110031  -0.000679715  0.0335996  0.124259  0.259812  
-0.00257045  0.00110031  -0.000679715  0.0307297  0.106173  0.245626  
-0.00312615  0.00119155  -0.000679715  0.0366016  0.136745  0.266736  
-0.00286144  0.00110031  -0.000679715  0.0339838  0.10674  0.3023  
-0.00309193  0.00137347  -0.000679715  0.0344069  0.13386  0.315041  
-0.0034482  0.00173506  -0.000482866  0.0248542  0.133617  0.339342  
-0.00330143  0.00159219  -0.000679715  0.0458538  0.109229  0.317448  
-0.00368605  0.00173506  -0.000679715  0.0458023  0.143802  0.323438  
-0.00328545  0.00134873  -0.000679715  0.0359969  0.104635  0.323885  
-0.00330498  0.00154857  -0.000679715  0.0384729  0.133261  0.271921  
-0.00357059  0.00152137  -0.000679715  0.0458711  0.153974  0.296161  
-0.00267817  0.00136967  -0.000577428  0.0459284  0.11774  0.296129  
-0.00340169  0.00173506  -0.000679715  0.0467221  0.163749  0.288768  
-0.00333929  0.00173506  -0.00047627  0.0446469  0.156661  0.315172  
-0.00333929  0.00129772  -0.000493176  0.0521332  0.104017  0.321572  
-0.00370543  0.00158146  -0.00017352  0.051846  0.172898  0.325149  
-0.0035745  0.00187392  -0.000299418  0.0512716  0.126301  0.330551  
-0.00359291  0.00170404  -0.000452618  0.0554901  0.154218  0.3162  
-0.00383916  0.00170404  -0.00062201  0.0509202  0.140499  0.337773  
-0.00329969  0.00170404  -0.000489282  0.0537087  0.128414  0.329831  
-0.00401023  0.00185777  -9.68594e-05  0.0538885  0.183298  0.321387  
-0.00343887  0.00184153  -0.000408405  0.0612354  0.124102  0.358339  
-0.00357184  0.00164234  -0.000319445  0.0551139  0.150525  0.312305  
-0.00399474  0.00184153  -0.000389545  0.0537133  0.14216  0.315855  
-0.00319369  0.00184153  -0.00049966  0.0585587  0.136002  0.298052  
-0.00363413  0.00184153  -0.000393041  0.0645792  0.168144  0.328334  
-0.00369086  0.00184153  -0.000622009  0.0706929  0.146194  0.341464  
-0.00320694  0.00184153  -0.000622009  0.0718689  0.147991  0.353984  
-0.00427856  0.00204855  -0.000341592  0.0662476  0.158202  0.35574  
-0.00378086  0.00241586  -0.000342765  0.0663659  0.118463  0.363832  
-0.00356496  0.00241586  -0.000622009  0.0767334  0.159414  0.328787  
-0.00426119  0.00241586  -0.000388567  0.0740614  0.132905  0.350645  
-0.00374767  0.00241586  -0.000419605  0.0844481  0.131123  0.335958  
-0.00386128  0.00235402  -0.000363781  0.0894729  0.179178  0.343112  
-0.00382652  0.00241586  -0.000456119  0.0922288  0.128984  0.352037  
-0.0036864  0.00241586  -0.000334466  0.0939109  0.146094  0.34502  
-0.0039333  0.00248804  -0.000483371  0.0888454  0.161241  0.35927  
-0.00297076  0.00268038  -0.000509809  0.0942414  0.149605  0.338215  
-0.00380083  0.00256729  -0.000322676  0.0885807  0.184661  0.352525  
-0.00323444  0.00239701  -0.000322941  0.0916355  0.118527  0.322062  
-0.00373055  0.00286166  -0.000513556  0.0862678  0.187493  0.316739  
-0.00334343  0.00286166  -0.00062201  0.0913658  0.153113  0.344035  
-0.00288889  0.00286166  -0.00062201  0.114955  0.134074  0.32058  
-0.00324135  0.00286166  -0.000516534  0.0996301  0.167576  0.306415  
-0.00362545  0.00301348  -0.00062201  0.110325  0.164386  0.340446  
-0.00310557  0.00286229  -0.000498552  0.119274  0.135283  0.331722  
-0.00339455  0.00312477  -0.000386481  0.118316  0.180068  0.337119  
-0.00308134  0.00342874  -0.00062201  0.125287  0.15869  0.335461  
-0.00312051  0.00320339  -0.00062201  0.12537  0.156697  0.327606  
-0.00351728  0.0034098  -0.000563601  0.1253  0.183787  0.324397  
-0.00296433  0.00325299  -0.00062201  0.137968  0.126454  0.303881  
-0.00343714  0.00386083  -0.000716292  0.135878  0.184135  0.28376  
-0.00288773  0.00369743  -0.000593268  0.137395  0.143884  0.300745  
-0.00288773  0.00369915  -0.000669023  0.133553  0.171897  0.283705  
-0.00288773  0.00364618  -0.000563116  0.137774  0.154942  0.283696  
-0.00288773  0.00372519  -0.00056498  0.139619  0.172586  0.283715  
-0.0028075  0.00389498  -0.000552022  0.148285  0.187861  0.261607  
-0.00257912  0.00352588  -0.000548231  0.139595  0.15204  0.238209  
-0.00288773  0.00350248  -0.000415674  0.141303  0.169198  0.255085  
-0.00253287  0.00325299  -0.00052472  0.140145  0.161407  0.238159  
-0.00307705  0.00371282  -0.000404104  0.138273  0.160352  0.243545  
